0.7920123510631973
0.37445659278784593
0.6887483752251332
0.34430478616272253
0.5741248759119548
0.7885742984388912
0.30422773873120423
0.695523559652467
0.2531624239033351
0.17654845874619474
0.48884259674174657
0.17597716376592232
0.8855367756167439
0.9713381994052047
0.568465440333447
0.6655008741463889
0.525045203693582
0.7720250216063058
0.4935291545677638
0.1154228823847332
0.32904047412954796
0.3818521358236875
0.45003271030098513
0.9505515325171742
0.40383069622036516
0.6797874774156766
0.6139021286665055
0.617092538947039
0.971972535505235
0.8962134811543251
0.13698860586108652
0.03631488832245677
0.1608421100841142
0.37371461114715
0.12479778138188025
0.29124971428561497
0.04022450268763267
0.7408960521910795
0.40783496830775556
0.7976266598222553
0.7207329860496234
0.24061185207691393
0.6322382126865796
0.8718662386752494
0.6478680362308492
0.3451325297753832
0.06880072611704913
0.4812703841759115
0.6163069078158762
0.7427718457495183
0.9821900833243433
0.2547314852978537
0.22578690755354713
0.15455818487702966
0.27740924491697516
0.2315750602771679
0.9780030943216073
0.7038995890866564
0.08827009780130923
0.04983970652370506
0.6336633310288659
0.7620099916716695
0.6252436554133193
0.02395838183933796
0.3588820226447199
0.8754000570869879
0.95070656438203
0.02506360099674354
0.8740399796530355
0.14797051828382501
0.5022885192528646
0.883407421918411
0.2476552879247007
0.6088531837827418
0.5175102494445446
0.32726255042543195
0.2841119105559885
0.4548143724841288
0.93442968019126
0.21551945425154817
0.9049766614938085
0.01855550840163589
0.11576384205316437
0.4673146316398522
0.6963108416409571
0.18934960705856219
0.140174742120036
0.4209776349630693
0.8819172176595619
0.43435417573488433
0.3089948501033909
0.22320184614227223
0.38815217299164173
0.5152896117028659
0.9831167501779149
0.459894325093521
0.941249292258009
0.4082025845076379
0.7982659877394824
0.21271540624453633
0.6529014531266639
0.7588703934612838
0.7058301232785245
0.6366319562232846
0.5606174602187566
0.6935152076000677
0.0849411811203592
0.5319593534910882
0.17514537899608063
0.27809774903025986
0.3670101125168227
0.3864036484123031
0.6714671216026956
0.6639039871918827
0.13881330680337478
0.4967850925485847
0.11046909876171296
0.3310104025207218
0.7038386546829547
0.8865179308386261
0.6841964797150323
0.82548239348076
0.943933669329603
0.7871461657319738
0.6156016183959298
0.8635383395764495
0.2550064383268751
0.10186014150040867
0.18866375954317072
0.5678162525577722
0.057576038758473835
0.2866204292331531
0.16727936115020436
0.9650670419046573
0.9497567399627882
0.16097464775825487
0.2052843534651887
0.3305738462207011
0.8301843557747876
0.036903473950608334
0.451515967335257
0.6206676128585717
0.6599437964660702
0.632914427624689
0.6796315613254325
0.4879575159054702
0.19596784674421874
0.39205097364122077
0.9001686964854713
0.01678239662816261
0.6737203828614552
0.7642765602243766
0.19997045013279013
0.896342838271046
0.8995063757074084
0.6916718068701871
0.32120428366467835
0.9140374057771863
0.0934878682593151
0.34997525059513923
0.7944975531648565
0.2950430261222772
0.7752751069098476
0.544912377664638
0.8518460134276837
0.6532566664925741
0.7164348305820875
0.5674886651827019
0.21209078922435154
0.1754834952792772
0.8397451961123307
0.7783265837275906
0.6850656924521399
0.5027254277995484
0.9816418721701168
0.6876809993047381
0.8084758536473247
0.8678900564898843
0.24959059339295253
0.6663415418387906
0.3573045178674328
0.9467117526235456
0.25281246622439346
0.8191738046003262
0.6796591148915041
0.8626871032742729
0.7837269187451884
0.6620902196793998
0.955442478466732
0.34365235926683735
0.09059084192791966
0.7335439354815271
0.9536218766635555
0.7748070707650563
0.05911804533747067
0.700440725931097
0.8521554515911106
0.47824239781695865
0.7259545189998933
0.2230370923109749
0.0008397073420531864
0.17816885643467872
0.9609553324755237
0.2662644638765438
0.5499409953051565
0.8020913970552097
0.7157739006557575
0.834261529605764
0.3240793791705099
0.5974251043948935
0.1863695935515859
0.2799623630022908
0.9319817189393752
0.14641305289637185
0.46487522839550155
0.06516267489293592
0.8390894553976492
0.8168950961259773
0.7905112093239093
0.7353931599907211
0.01824071141340211
0.22781558652492506
0.9361780091805947
0.3502039624549935
0.21149515818963738
0.5197970423257334
0.11332645277436926
0.8417691865644297
0.4778934491999315
0.14979980739912024
0.27361517498313037
0.3261243309970071
0.31670560632509726
0.49660569221501893
0.7408567102659003
0.6959637612052408
0.07631054485935129
0.13831699519893215
0.47130053973618424
0.2395142207260691
0.9731425249555457
0.4560476674280721
0.369019378931033
0.5841146572289816
0.5988285486808289
0.2160874935413244
0.8221586443259293
0.26373104414635107
0.24057973618606465
0.6028960738334121
0.0841795171347599
0.9123454230634389
0.12706750435347847
0.41673094812760303
0.7939976235402527
0.8736885958310653
0.7108593385465373
0.19811106269948253
0.7730210925407965
0.21701895980576846
0.4566058814530004
0.5728512239821357
0.724347825825614
0.6423743646993062
0.9942824743089306
0.4925781600816955
0.9256156006707671
0.8641122738915658
0.7171486533163762
0.46702629138110696
0.2086988942646416
0.2897971018961828
0.7140210395207851
0.6578700439211413
0.049491680944376726
0.9807508892296972
0.4796793911930438
0.40590572761215316
0.07244114020533599
0.34028284023564415
0.227990135770769
0.31817306954762636
0.597269437840911
0.2587787159220737
0.8197891264455326
0.5662703663639855
0.07668965429439056
0.11894144673232476
0.5519414416516625
0.9215539864895573
0.5846637686531478
0.511314635753095
0.31030530079540264
0.39771758726450446
0.11560581234405809
0.12996597785528552
0.3814703099476864
0.054997179740579494
0.6600741621385102
0.4089547877272087
0.004303505060078594
0.9911244838753223
0.5506196254578584
0.6499410891406784
0.92612698074269
0.29784159098261087
0.6295145679077213
0.8684834564732986
0.5778862432519812
0.6457835769287819
0.9720105245650014
0.5255177232255427
0.27107985240988697
0.39748522424348254
0.09353302173491629
0.09044443083364362
0.9977269141065828
0.12202450369897555
0.5605474179978155
0.34966723174570014
0.5328973188776386
0.916627975249078
0.9714224304585699
0.5162565367116883
0.3155221063098581
0.290144506808926
0.11053348887146386
0.09708714769301419
0.04498887751778846
0.3949721445820119
0.3269531830985122
0.6742347033664423
0.7836195026822457
0.08998119089515366
0.5872796037294634
0.8224750635425991
0.9041519891507644
0.538256576031253
0.5500621884200055
0.8179819427052135
0.5615853980062168
0.17869511546875227
0.4904500140007172
0.662184603050372
0.9856959143670536
0.37388559289626366
0.5876111267433825
0.05526511396251754
0.7224107074750516
0.24580744495791917
0.8715257268617865
0.932371738725541
0.5703149996458723
0.02979029922752252
0.10375471162491079
0.9290461734199367
0.0150786749991072
0.07256284995104478
0.30487643632939987
0.40277939609559676
0.17076700669000122
0.309269093640842
0.9073687451347019
0.5912996596772555
0.31463490906541314
0.33660966506092105
0.7630526520496006
0.5077530087288643
0.7610077498816649
0.7054111075584594
0.5725326597876884
0.18111779319073218
0.48530938781232014
0.1447372779032089
0.8406593186591561
0.7985567658724253
0.2327035429520109
0.3291041116215013
0.9582451689890706
0.4638444796766804
0.36247843566927096
0.2996461018489106
0.43601664381697713
0.14855092860415064
0.15490355343873274
0.46545171911975114
0.6928356030602841
0.7593750469677176
0.04295724959840874
0.8739991294990148
0.5196618465205057
0.2368705985322508
0.15049976410042243
0.9479134682034516
0.3070164086497984
0.44619622453628816
0.549995807581001
0.8195282462113341
0.2899364067959972
0.6759553962934729
0.9881178881105924
0.8546430557215303
0.49277464808786986
0.20769022109011892
0.9661316600076663
0.5339598477220736
0.9618583890084922
0.6591228508699045
0.5902465844091274
0.1686219694126967
0.32446928048788615
0.5088790571430106
0.9415901588657569
0.9192269429164259
0.7058968924806848
0.4042286655234947
0.3477941785552846
0.7412269979437244
0.7096980959826932
0.35764849479656136
0.06340904683138004
0.5669601728857742
0.318696931353613
0.38929724394302045
0.27813811477780737
0.48191306527733335
0.23519267352389295
0.9599497735366235
0.6962140327173796
0.588592140908404
0.23975813548212843
0.628590860494966
0.00018433095288183932
0.4204095163700916
0.5774581675320883
0.7803067674817332
0.1865091359699642
0.612374002016907
0.782473865638229
0.9264964471916293
0.9712938791925857
0.42136854867152207
0.6961323360077972
0.3320373123939647
0.7909386353442738
0.2680378544286329
0.9447563350878909
0.719136410853909
0.22937482746803717
0.7230275095574802
0.6885103610543407
0.30104962666737045
0.2010445630488129
0.7995244343715109
0.5302570108941819
0.9520007169801564
0.31784793840840997
0.9255667628515203
0.20498015862159658
0.7710135460787144
0.48790220760006897
0.7716551388146905
0.5951156588856505
0.5848943557200024
0.2598620579452319
0.6183415193020075
0.07271707635275881
0.32296529787325234
0.01860448495664535
0.8221470400442188
0.4328158662805034
0.999732157987476
0.2631616643604777
0.8845843644853876
0.2660763503768162
0.2193183799073406
0.8288649577200344
0.0511235156277593
0.6805642332444278
0.7451867425008121
0.5388686088855577
0.3114437704684152
0.5461235244405208
0.5046135562598747
0.5933744738500479
0.9982952295104038
0.7234097383499051
0.15211984860564176
0.9432581839855891
0.6257902152156545
0.89484024125292
0.5206116997275514
0.5555428938137268
0.899910177540254
0.9756439373914423
0.37681828216247815
0.5255934785908658
0.5724807959213163
0.689672844653181
0.23737650655671583
0.45350368931582874
0.9947512721559163
0.04785447626794914
0.3672324793467724
0.05854204134597785
0.547789723172013
0.9331469046072917
0.5185228310532756
0.6738867950342139
0.37707688781145143
0.2822705564817033
0.8487178699576112
0.9558119724389198
0.8432951255128905
0.31997092856150344
0.16202132880225661
0.7138639655544871
0.6237719236731535
0.624555943870302
0.8344838997580702
0.5539609996836846
0.5790684021028922
0.851302391107363
0.014029795803388034
0.4623567108527141
0.03774346757873648
0.6877288365213358
0.14989369757050652
0.3863708174438958
0.9150119607424652
0.7528457331589277
0.2122385217907552
0.6717073046612777
0.3630396080161914
0.4429248273320364
0.8824742551977685
0.4134152997081827
0.2681092417214205
0.42611003660982383
0.23323576660969614
0.6885142517252792
0.2580339038234193
0.21583350540663837
0.22050812931549724
0.6595742123263222
0.3507346408588654
0.13196293046698493
0.8314219434660527
0.31897355343623046
0.1317121034963764
0.004538242949946758
0.9654431514799489
0.992340710240368
0.39461917592523865
0.20693813433324337
0.6542040353847783
0.18174328853869504
0.746499558284158
0.799681936419784
0.579396701899516
0.3187896466023765
0.592602908596195
0.1828913128422489
0.7044202413815831
0.19701430594033253
0.3230604755194104
0.684675559907278
0.8908666537216133
0.3552330523653111
0.6571330073805398
0.26928865173500616
0.6339195341732763
0.5675281978386119
0.13519766681176748
0.23836863717803713
0.4576135230101981
0.37879149636481824
0.4941089388476363
0.9863664354990036
0.28405482614585853
0.6255453852516331
0.722697919013679
0.7539755631669787
0.33968185432764497
0.36717589833424014
0.5999344742866222
0.3900899961194645
0.5341786527902216
0.7672774934690135
0.019080514288573713
0.6205688688663675
0.43705031613249645
0.7434213145027272
0.5957303546315977
0.32476090724417916
0.31571203951243487
0.3442431344381164
0.4075141145235718
0.322798906558061
0.5510345807333376
0.5203586778600656
0.1514552112916432
0.6066156595248311
0.7562335033273229
0.47923686148304756
0.6796402683921753
0.6122366602847901
0.28847560727955956
0.39331451127316663
0.10520125088127097
0.8335206739207736
0.7533985837787367
0.19422855776922
0.32400232102226467
0.37962426177427167
0.8087962116015366
0.16849740658107337
0.3973977181282127
0.23870077520687205
0.1048840137094349
0.6246815755686824
0.0569392080244866
0.29249720082795416
0.6334448323419477
0.9172672779554644
0.49612291281536836
0.48772593111115836
0.19315838782301653
0.03600426298304049
0.9026152918867989
0.08969192488546396
0.12119203935572631
0.3585411564974236
0.5124010844886818
0.28692529545381373
0.7109085598588196
0.18311203248571406
0.2464936358191524
0.5415400444796495
0.07548020683211276
0.48861145725361965
0.781713480612508
0.35074126881442913
0.44478838157583733
0.4875286540112844
0.08850910728039685
0.8553291223946944
0.8497552860394364
0.6429794978074994
0.5034257766884553
0.7705246804500284
0.5092740098881945
0.9835781778159508
0.09218790852732006
0.1709404728754632
0.7216332799665302
0.8697280599642258
0.6266589020688756
0.41741046870626974
0.7117754692034589
0.0773671196936091
0.042809389793541985
0.6263908329983788
0.6605986795046845
0.7810308565338974
0.0035813299956750644
0.30983300316551976
0.7492412544879111
0.5985868389091149
0.4959129949272335
0.3897548478256435
0.035561596416762264
0.21445684945776733
0.5982512615751957
0.7682877536731573
0.9244640367299837
0.8562008747385416
0.41988149343191217
0.9975571056520937
0.16516503607567967
0.3756615142843843
0.6645623237316911
0.9718484788166488
0.7567066202931332
0.7864833398104889
0.07516476426664254
0.24204149498479133
0.5909149007706623
0.19302473595545855
0.2171565172063743
0.6751539761907989
0.3143759116149083
0.47437501986495345
0.8560203900596369
0.5048108313020515
0.2819480282959511
0.10265780179765582
0.6812386094080292
0.2177847834458283
0.001558814215899873
0.20846847932474932
0.3688685641839743
0.7645219685970585
0.5758221885442875
0.7307147374323556
0.3778316399699756
0.990377312028379
0.6134357869809512
0.4735025995532335
0.2221719393437651
0.606287205548302
0.687562835881798
0.34232470082478517
0.9666585332861117
0.34361492025136864
0.015910387090779854
0.604491004418058
0.8834707801698842
0.49682811997083887
0.7905343159210517
0.016997750991875393
0.7234228053771341
0.42363628486730087
0.6264516186560752
0.7723360992435881
0.9631176688107105
0.7346664526033971
0.5547743185692834
0.6592565003405049
0.11505880409543867
0.48333320153653847
0.7524932028242297
0.7798760991439393
0.631458470301498
0.3175994987167665
0.5317513472423134
0.3872909483579351
0.07152206736135092
0.468012884923214
0.28923218775086434
0.23560215808165275
0.05279846795794052
0.7162909916137158
0.7985885891476029
0.599208226390178
0.30835947150062804
0.13849763702486717
0.7801209488606476
0.8187773457426241
0.47853654630886333
0.1834421945623883
0.3425557262136194
0.11270288066287393
0.41709262843661976
0.9416654258707432
0.10335864214857715
0.7812298619986316
0.5659721395867626
0.3307653923255168
0.5816277399728832
0.9731769297363612
0.07638470023317201
0.28406680473142676
0.750224677738459
0.8657577657126188
0.4513659826439754
0.7129762914085032
0.16963507860613902
0.1482699470474773
0.10784012706388035
0.50776110687007
0.8097444559958064
0.07012442450983503
0.9740907260978922
0.4743568451404121
0.49432551171055683
0.2060615375586875
0.29592684573997563
0.8010632007466256
0.8477767111271057
0.8021383768342838
0.34094535769422707
0.00497599170045826
0.6633224386542333
0.48273692807759794
0.9425070561087037
0.49133729403440674
0.11292747924930335
0.44838300399675934
0.48048147413111864
0.9504467182153686
0.4007547730203066
0.8765602828473593
0.8066432118283932
0.8106168784241218
0.5397046747458796
0.08872827550326845
0.0019461189070894003
0.6659688091192698
0.5538629112797662
0.3831248935374175
0.5311028318071732
0.3162200754613268
0.8947992917176965
0.8236205478863343
0.45376251678896296
0.1776928969702135
0.37066041386646975
0.053066968885240984
0.027619431998987642
0.9886938697013666
0.36343183162795367
0.22211662741575477
0.0351723390947879
0.16721307175637112
0.069458542500629
0.7099532284851928
0.07824859642626791
0.16748666547877422
0.7410073019145935
0.6082275936521193
0.967507503462533
0.9913508658825112
0.8882240024350906
0.25814293101333774
0.4054878995233243
0.6946160067457278
0.5713955417673873
0.6782540823357273
0.7671915940792234
0.22980224928614945
0.8189134238916218
0.8789570412200722
0.1449161549241521
0.370321792627752
0.522909216813579
0.011860863931576704
0.03408554983039436
0.8617196271384255
0.8750310506233335
0.08569725149018281
0.6319043157568313
0.444962852401135
0.8164666225682076
0.2986611505624802
0.5602630372967917
0.9392685074867824
0.9876379635715277
0.45823507000622754
0.6297365414947893
0.872390807143162
0.4875765725368507
0.40779130921365425
0.56349574814802
0.8373693368813783
0.879211188935865
0.8966714788727557
0.2153778144892956
0.2829540081357492
0.16453045983286185
0.4609352331650578
0.7911586051194056
0.7529271743536485
0.4622033932494689
0.6966038374044048
0.659512308762629
0.9933353776173635
0.3339834390685097
0.05214139012050567
0.0680519651815884
0.5436144126644463
0.048216248272276
0.9592253342158706
0.9984504129166374
0.8862505546346875
0.5507419126566535
0.015296558855286801
0.09418551417050791
0.8029347441432082
0.3315485479805317
0.7947067335273823
0.9336272288532386
0.5897843879302488
0.1642445588818907
0.5789429768413198
0.7448290175933602
0.7407427009457854
0.8133026129550532
0.9595557721129888
0.5102219482074632
0.829078973521725
0.5989534384834609
0.664607850054693
0.7631604614574371
0.2692755811265317
0.6676458756568074
0.40494036065973005
0.6840971042983347
0.7628489877763427
0.943675971778505
0.1379033123195016
0.6460185243956605
0.589788948449393
0.5541974143347188
0.7068571541475194
0.6210759191468184
0.33959726733571904
0.9829816360248534
0.21390171794116297
0.09083845302711269
0.0004163536156267522
0.615915027172899
0.5223243317565678
0.26317075004893
0.9160576407666956
0.19517111329456227
0.8824188496880273
0.37190349590664507
0.48302356210261177
0.011639689577706891
0.06273656082083945
0.6874342988807388
0.025330549802078273
0.16163469153751187
0.076587650381997
0.07512276474183821
0.11247732673032518
0.08005945757990418
0.6376488779665513
0.43329045589882964
0.34769558493477204
0.028253682704919902
0.893297422662611
0.29434230102774117
0.651932708485942
0.8484794822469665
0.6157291039685054
0.20499572814627653
0.5493616429872835
0.6759520071039701
0.1572014375102314
0.336372429434841
0.6814103760697524
0.8614733644470137
0.6704395485730521
0.6525552503102167
0.7849755699610631
0.9428502040070493
0.8233695664187561
0.8796772315019321
0.8671814844131921
0.1571864155816276
0.8036998769983367
0.07961739938434009
0.7803032746644117
0.3952699406691965
0.6427804631267974
0.904539065401093
0.2634910076286371
0.4670333659813537
0.32849415232143686
0.9264255817250631
0.16058250163454713
0.899933310038499
0.24831181271946556
0.17425697909276794
0.13411956385238932
0.10581994612487844
0.9833665708408961
0.519311192317552
0.8011666969451287
0.3425229341824083
0.4266715854839105
0.4672137533512324
0.96305784083262
0.32456042548733965
0.43347944866642674
0.8323455792777475
0.8567359679213365
0.38149521441955137
0.8432376801359578
0.9350456766079647
0.2744352339930425
0.012046266093346358
0.7339712752812249
0.6345172395737527
0.457670484835635
0.472284798728802
0.9520884529979612
0.24795396990967888
0.28663403371736096
0.5689825517124412
0.8080341597950046
0.1291223538335431
0.0180238863692207
0.6243003171297218
0.353230879459672
0.9364838163977277
0.6951824649376238
0.9622511902964548
